On join
"[15,255,1,128,1,169,81,118,113,86,67,45,110,51,79,204,145,255,204,145,129,169,81,118,113,86,67,45,110,51,79,130,173,84,104,101,85,114,98,97,110,71,111,111,115,101,131,0,0,0,0,132,205,54,4,133,0,0,134,0,0,135,53,0,136,49,1,137,41,0,138,0,0,139,0,0,140,204,147,141,100,142,0,143,0,144,0,145,0,146,0,147,0,148,0,149,1,150,204,149,151,184,54,97,51,53,49,49,55,56,55,55,102,97,99,97,51,102,56,56,100,49,52,51,101,100,152,160,153,204,150,154,204,151,155,0,156,204,152,157,0,158,203,0,160,232,246,223,3,122,66,159,0,160,0,128,204,146,255,204,147,128,204,148,129,0,130,0,131,0,255,204,148,128,0,129,0,130,0,255,204,150,128,173,84,104,101,85,114,98,97,110,71,111,111,115,101,129,165,112,102,112,95,51,130,184,50,48,50,54,45,48,54,45,49,57,84,48,57,58,53,50,58,53,54,46,48,54,48,90,255,204,151,128,160,129,0]"
---
On init
"[10,9,79,97,102,116,122,78,99,54,54,6,115,99,104,101,109,97,128,1,255,1,128,0,2,128,1,20,128,2,55,128,3,61,128,4,66,128,5,70,128,6,75,128,7,79,128,8,87,128,9,95,128,10,102,128,11,109,255,2,130,3,128,0,255,3,128,0,4,128,1,5,128,2,6,128,3,7,128,4,8,128,5,9,128,6,10,128,7,11,128,8,12,128,9,13,128,10,14,128,11,15,128,12,16,128,13,17,128,14,18,128,15,19,255,4,128,166,97,118,103,69,108,111,129,167,102,108,111,97,116,51,50,255,5,128,167,112,108,97,121,101,114,115,130,1,129,163,109,97,112,255,6,128,163,109,97,112,129,164,105,110,116,56,255,7,128,165,108,105,103,104,116,129,164,105,110,116,56,255,8,128,164,109,111,100,101,129,164,105,110,116,56,255,9,128,171,109,97,116,99,104,76,101,110,103,116,104,129,165,105,110,116,51,50,255,10,128,170,109,97,120,80,108,97,121,101,114,115,129,165,105,110,116,51,50,255,11,128,166,114,101,103,105,111,110,129,164,105,110,116,56,255,12,128,169,115,116,97,114,116,84,105,109,101,129,167,102,108,111,97,116,54,52,255,13,128,170,116,101,97,109,83,99,111,114,101,115,130,255,129,169,109,97,112,58,105,110,116,51,50,255,14,128,172,115,112,97,119,110,101,100,73,116,101,109,115,130,7,129,163,109,97,112,255,15,128,168,103,114,101,110,97,100,101,115,130,8,129,163,109,97,112,255,16,128,173,99,97,112,116,117,114,101,80,111,105,110,116,115,130,9,129,163,109,97,112,255,17,128,165,102,108,97,103,115,130,10,129,163,109,97,112,255,18,128,171,100,114,111,112,112,101,100,84,97,103,115,130,11,129,163,109,97,112,255,19,128,175,97,98,111,117,116,84,111,83,104,117,116,100,111,119,110,129,167,98,111,111,108,101,97,110,255,20,130,21,128,1,255,21,128,0,22,128,1,23,128,2,24,128,3,25,128,4,26,128,5,27,128,6,28,128,7,29,128,8,30,128,9,31,128,10,32,128,11,33,128,12,34,128,13,35,128,14,36,128,15,37,128,16,38,128,17,39,128,18,40,128,19,41,128,20,42,128,21,43,128,22,44,128,23,45,128,24,46,128,25,47,128,26,48,128,27,49,128,28,50,128,29,51,128,30,52,128,31,53,128,32,54,255,22,128,176,115,101,108,101,99,116,101,100,71,117,110,83,107,105,110,115,130,255,129,169,109,97,112,58,105,110,116,49,54,255,23,128,168,112,108,97,121,101,114,73,100,129,166,115,116,114,105,110,103,255,24,128,168,110,105,99,107,110,97,109,101,129,166,115,116,114,105,110,103,255,25,128,165,115,99,111,114,101,129,166,117,105,110,116,51,50,255,26,128,163,101,108,111,129,166,110,117,109,98,101,114,255,27,128,165,107,105,108,108,115,129,166,117,105,110,116,49,54,255,28,128,166,100,101,97,116,104,115,129,166,117,105,110,116,49,54,255,29,128,164,115,107,105,110,129,165,105,110,116,49,54,255,30,128,163,104,97,116,129,165,105,110,116,49,54,255,31,128,164,98,97,99,107,129,165,105,110,116,49,54,255,32,128,176,119,101,97,112,111,110,115,67,111,108,108,101,99,116,101,100,129,166,117,105,110,116,49,54,255,33,128,173,109,97,120,75,105,108,108,83,116,114,101,97,107,129,166,117,105,110,116,49,54,255,34,128,165,114,105,103,105,100,130,2,129,163,114,101,102,255,35,128,166,104,101,97,108,116,104,129,165,117,105,110,116,56,255,36,128,171,119,101,97,112,111,110,67,108,97,115,115,129,165,117,105,110,116,56,255,37,128,167,115,112,97,119,110,101,100,129,167,98,111,111,108,101,97,110,255,38,128,167,100,97,115,104,105,110,103,129,167,98,111,111,108,101,97,110,255,39,128,169,99,114,111,117,99,104,105,110,103,129,167,98,111,111,108,101,97,110,255,40,128,171,115,99,101,110,101,76,111,97,100,101,100,129,167,98,111,111,108,101,97,110,255,41,128,176,108,111,99,97,108,87,101,97,112,111,110,73,110,100,101,120,129,164,105,110,116,56,255,42,128,164,116,101,97,109,129,164,105,110,116,56,255,43,128,175,104,101,97,108,116,104,80,114,111,116,101,99,116,101,100,129,167,98,111,111,108,101,97,110,255,44,128,169,105,110,118,101,110,116,111,114,121,130,4,129,165,97,114,114,97,121,255,45,128,166,117,115,101,114,73,100,129,166,115,116,114,105,110,103,255,46,128,165,112,97,114,116,121,129,166,115,116,114,105,110,103,255,47,128,164,117,115,101,114,130,5,129,163,114,101,102,255,48,128,171,108,97,115,116,71,111,116,83,104,111,116,130,6,129,163,114,101,102,255,49,128,177,99,117,114,114,101,110,116,75,105,108,108,83,116,114,101,97,107,129,166,110,117,109,98,101,114,255,50,128,175,107,105,108,108,115,87,105,116,104,87,101,97,112,111,110,130,255,129,170,109,97,112,58,110,117,109,98,101,114,255,51,128,169,104,101,97,100,115,104,111,116,115,129,166,110,117,109,98,101,114,255,52,128,173,115,116,97,114,116,80,108,97,121,84,105,109,101,129,166,110,117,109,98,101,114,255,53,128,172,108,97,115,116,83,104,111,116,84,105,109,101,129,166,110,117,109,98,101,114,255,54,128,173,108,97,115,116,83,104,111,111,116,84,105,109,101,129,166,110,117,109,98,101,114,255,55,130,56,128,2,255,56,128,0,57,128,1,58,128,2,59,128,3,60,255,57,128,168,112,111,115,105,116,105,111,110,130,3,129,163,114,101,102,255,58,128,169,114,111,116,97,116,105,111,110,89,129,166,110,117,109,98,101,114,255,59,128,163,97,105,114,129,167,98,111,111,108,101,97,110,255,60,128,164,110,101,99,107,129,164,105,110,116,56,255,61,130,62,128,3,255,62,128,0,63,128,1,64,128,2,65,255,63,128,161,120,129,166,110,117,109,98,101,114,255,64,128,161,121,129,166,110,117,109,98,101,114,255,65,128,161,122,129,166,110,117,109,98,101,114,255,66,130,67,128,4,255,67,128,0,68,128,1,69,255,68,128,168,119,101,97,112,111,110,73,100,129,165,105,110,116,49,54,255,69,128,166,115,107,105,110,73,100,129,165,105,110,116,49,54,255,70,130,71,128,5,255,71,128,0,72,128,1,73,128,2,74,255,72,128,168,117,115,101,114,110,97,109,101,129,166,115,116,114,105,110,103,255,73,128,163,112,102,112,129,166,115,116,114,105,110,103,255,74,128,169,99,114,101,97,116,101,100,65,116,129,166,115,116,114,105,110,103,255,75,130,76,128,6,255,76,128,0,77,128,1,78,255,77,128,164,98,121,73,100,129,166,115,116,114,105,110,103,255,78,128,165,103,117,110,73,100,129,164,105,110,116,56,255,79,130,80,128,7,255,80,128,0,81,128,1,82,128,2,83,128,3,84,128,4,85,128,5,86,255,81,128,161,120,129,166,110,117,109,98,101,114,255,82,128,161,121,129,166,110,117,109,98,101,114,255,83,128,161,122,129,166,110,117,109,98,101,114,255,84,128,164,116,121,112,101,129,166,115,116,114,105,110,103,255,85,128,171,114,101,119,97,114,100,80,97,114,97,109,129,164,105,110,116,56,255,86,128,162,105,100,129,166,115,116,114,105,110,103,255,87,130,88,128,8,255,88,128,0,89,128,1,90,128,2,91,128,3,92,128,4,93,128,5,94,255,89,128,168,112,111,115,105,116,105,111,110,130,3,129,163,114,101,102,255,90,128,168,114,111,116,97,116,105,111,110,130,3,129,163,114,101,102,255,91,128,169,103,114,101,110,97,100,101,73,100,129,166,115,116,114,105,110,103,255,92,128,168,119,101,97,112,111,110,73,100,129,165,105,110,116,49,54,255,93,128,174,111,119,110,101,114,83,101,115,115,105,111,110,73,100,129,166,115,116,114,105,110,103,255,94,128,175,105,110,105,116,105,97,108,86,101,108,111,99,105,116,121,130,3,129,163,114,101,102,255,95,130,96,128,9,255,96,128,0,97,128,1,98,128,2,99,128,3,100,128,4,101,255,97,128,162,105,100,129,166,115,116,114,105,110,103,255,98,128,168,112,111,115,105,116,105,111,110,130,3,129,163,114,101,102,255,99,128,175,99,111,110,116,114,111,108,108,105,110,103,84,101,97,109,129,164,105,110,116,56,255,100,128,175,99,97,112,116,117,114,101,80,114,111,103,114,101,115,115,129,167,102,108,111,97,116,51,50,255,101,128,177,112,114,111,103,114,101,115,115,80,101,114,83,101,99,111,110,100,129,167,102,108,111,97,116,51,50,255,102,130,103,128,10,255,103,128,0,104,128,1,105,128,2,106,128,3,107,128,4,108,255,104,128,166,116,101,97,109,73,100,129,164,105,110,116,56,255,105,128,168,105,115,65,116,66,97,115,101,129,167,98,111,111,108,101,97,110,255,106,128,169,99,97,114,114,105,101,100,66,121,129,166,115,116,114,105,110,103,255,107,128,168,112,111,115,105,116,105,111,110,130,3,129,163,114,101,102,255,108,128,172,98,97,115,101,80,111,115,105,116,105,111,110,130,3,129,163,114,101,102,255,109,130,110,128,11,255,110,128,0,111,128,1,112,128,2,113,128,3,114,255,111,128,162,105,100,129,166,115,116,114,105,110,103,255,112,128,168,112,111,115,105,116,105,111,110,130,3,129,163,114,101,102,255,113,128,166,116,101,97,109,73,100,129,164,105,110,116,56,255,114,128,170,101,120,112,105,114,101,84,105,109,101,129,166,110,117,109,98,101,114]"
"[14,143,0,128,0,0,0,0,129,1,130,28,131,0,132,6,133,8,7,0,0,134,6,0,0,0,135,3,136,186,73,140,80,97,243,147,65,137,2,138,3,139,4,140,5,141,6,142,7,255,1,128,1,169,81,118,113,86,67,45,110,51,79,204,145,128,2,169,104,107,55,52,84,111,50,69,118,205,200,5,255,2,128,0,161,48,0,0,0,0,128,1,161,49,0,0,0,0,128,2,161,50,0,0,0,0,255,3,128,0,169,98,53,101,102,108,97,114,105,54,14,128,1,169,120,100,122,107,98,97,118,109,52,15,128,3,169,107,106,48,48,99,54,115,107,54,17,128,4,169,55,48,118,48,122,119,52,113,52,18,128,5,169,122,108,50,110,120,115,122,50,108,19,128,6,169,57,114,100,109,109,54,57,54,120,20,128,7,169,53,55,103,54,113,103,114,106,97,21,128,8,169,56,100,105,104,117,49,108,56,52,22,128,9,169,120,118,54,100,121,98,105,50,111,23,128,10,169,112,110,117,115,114,118,108,117,119,205,119,4,255,5,128,0,161,65,8,128,1,161,66,10,128,2,161,67,12,255,8,128,161,65,129,9,130,255,131,0,0,0,0,132,0,0,32,65,255,9,128,202,51,51,132,194,129,202,0,0,180,193,130,25,255,10,128,161,66,129,11,130,255,131,0,0,0,0,132,0,0,32,65,255,11,128,202,51,51,147,64,129,202,102,102,182,193,130,202,51,51,109,66,255,12,128,161,67,129,13,130,255,131,0,0,32,65,132,0,0,32,65,255,13,128,228,129,202,0,0,180,193,130,208,204,255,14,131,163,103,117,110,128,202,205,204,122,194,129,202,0,0,180,193,130,202,205,204,44,64,132,15,133,169,98,53,101,102,108,97,114,105,54,255,15,131,163,103,117,110,128,202,51,51,129,194,129,202,0,0,120,193,130,202,205,204,42,66,132,29,133,169,120,100,122,107,98,97,118,109,52,255,17,131,163,103,117,110,128,202,102,102,0,194,129,202,0,0,120,193,130,202,102,102,116,66,132,32,133,169,107,106,48,48,99,54,115,107,54,255,18,131,163,103,117,110,128,202,51,51,247,193,129,202,51,51,155,193,130,202,102,102,134,65,132,34,133,169,55,48,118,48,122,119,52,113,52,255,19,131,163,103,117,110,128,202,154,153,225,193,129,202,0,0,156,193,130,202,154,153,27,66,132,7,133,169,122,108,50,110,120,115,122,50,108,255,20,131,163,103,117,110,128,202,51,51,227,64,129,202,0,0,140,193,130,202,102,102,102,193,132,34,133,169,57,114,100,109,109,54,57,54,120,255,21,131,163,103,117,110,128,202,51,51,107,193,129,202,0,0,180,193,130,202,205,204,24,194,132,7,133,169,53,55,103,54,113,103,114,106,97,255,22,131,163,103,117,110,128,202,154,153,7,194,129,202,0,0,156,193,130,202,154,153,205,65,132,24,133,169,56,100,105,104,117,49,108,56,52,255,23,131,163,103,117,110,128,202,102,102,214,192,129,202,0,0,180,193,130,3,132,32,133,169,120,118,54,100,121,98,105,50,111,255,204,145,129,169,81,118,113,86,67,45,110,51,79,130,173,84,104,101,85,114,98,97,110,71,111,111,115,101,131,10,0,0,0,132,205,54,4,133,0,0,134,0,0,135,53,0,136,49,1,137,41,0,138,1,0,139,0,0,140,205,198,5,141,100,142,0,143,1,144,0,145,0,146,1,147,0,148,0,149,0,150,204,153,151,184,54,97,51,53,49,49,55,56,55,55,102,97,99,97,51,102,56,56,100,49,52,51,101,100,152,160,153,204,150,154,204,151,155,0,156,204,152,157,0,158,203,0,160,232,246,223,3,122,66,159,0,160,203,0,192,229,251,223,3,122,66,128,204,146,255,204,150,128,173,84,104,101,85,114,98,97,110,71,111,111,115,101,129,165,112,102,112,95,51,130,184,50,48,50,54,45,48,54,45,49,57,84,48,57,58,53,50,58,53,54,46,48,54,48,90,255,204,151,128,160,129,0,255,204,153,128,0,204,154,128,1,204,155,128,2,204,156,128,3,204,157,128,4,205,36,2,255,204,154,128,3,0,129,225,0,255,204,155,128,16,0,129,255,255,255,204,156,128,5,0,129,121,2,255,204,157,128,14,0,129,183,1,255,205,36,2,128,15,0,129,255,255,255,205,119,4,131,163,103,117,110,128,202,0,0,192,63,129,202,0,0,180,193,130,202,154,153,21,194,132,36,133,169,112,110,117,115,114,118,108,117,119,255,205,198,5,128,205,199,5,129,202,3,95,34,65,130,0,131,249,255,205,199,5,128,202,83,147,29,194,129,202,251,217,103,193,130,202,214,130,200,65,255,205,200,5,129,169,104,107,55,52,84,111,50,69,118,130,183,80,111,120,101,108,71,97,109,101,114,54,54,60,115,112,114,105,116,101,61,49,54,62,131,0,0,0,0,132,0,133,0,0,134,0,0,135,114,2,136,70,2,137,248,0,138,0,0,139,0,0,140,205,202,5,141,100,142,0,143,0,144,0,145,0,146,0,147,0,148,2,149,1,150,205,204,5,151,160,152,160,153,205,205,5,154,205,206,5,155,0,156,205,207,5,157,0,158,203,0,96,105,0,224,3,122,66,159,0,160,0,128,205,201,5,255,205,202,5,128,205,203,5,129,0,130,0,131,0,255,205,203,5,128,0,129,0,130,0,255,205,205,5,128,183,80,111,120,101,108,71,97,109,101,114,54,54,60,115,112,114,105,116,101,61,49,54,62,129,165,112,102,112,95,55,130,160,255,205,206,5,128,160,129,0]"
---
TheUrbanGoose
PoxelGamer66

TheUrbanGoose
{
  "0": 15,
  "1": 255,
  "2": 1,
  "3": 128,
  "4": 1,
  "5": 169,
  "6": 57,
  "7": 99,
  "8": 121,
  "9": 109,
  "10": 86,
  "11": 66,
  "12": 108,
  "13": 98,
  "14": 97,
  "15": 117,
  "16": 255,
  "17": 117,
  "18": 129,
  "19": 169,
  "20": 57,
  "21": 99,
  "22": 121,
  "23": 109,
  "24": 86,
  "25": 66,
  "26": 108,
  "27": 98,
  "28": 97,
  "29": 130,
  "30": 173,
  "31": 84,
  "32": 104,
  "33": 101,
  "34": 85,
  "35": 114,
  "36": 98,
  "37": 97,
  "38": 110,
  "39": 71,
  "40": 111,
  "41": 111,
  "42": 115,
  "43": 101,
  "44": 131,
  "45": 0,
  "46": 0,
  "47": 0,
  "48": 0,
  "49": 132,
  "50": 205,
  "51": 54,
  "52": 4,
  "53": 133,
  "54": 0,
  "55": 0,
  "56": 134,
  "57": 0,
  "58": 0,
  "59": 135,
  "60": 53,
  "61": 0,
  "62": 136,
  "63": 49,
  "64": 1,
  "65": 137,
  "66": 41,
  "67": 0,
  "68": 138,
  "69": 0,
  "70": 0,
  "71": 139,
  "72": 0,
  "73": 0,
  "74": 140,
  "75": 119,
  "76": 141,
  "77": 100,
  "78": 142,
  "79": 0,
  "80": 143,
  "81": 0,
  "82": 144,
  "83": 0,
  "84": 145,
  "85": 0,
  "86": 146,
  "87": 0,
  "88": 147,
  "89": 0,
  "90": 148,
  "91": 0,
  "92": 149,
  "93": 1,
  "94": 150,
  "95": 121,
  "96": 151,
  "97": 184,
  "98": 54,
  "99": 97,
  "100": 51,
  "101": 53,
  "102": 49,
  "103": 49,
  "104": 55,
  "105": 56,
  "106": 55,
  "107": 55,
  "108": 102,
  "109": 97,
  "110": 99,
  "111": 97,
  "112": 51,
  "113": 102,
  "114": 56,
  "115": 56,
  "116": 100,
  "117": 49,
  "118": 52,
  "119": 51,
  "120": 101,
  "121": 100,
  "122": 152,
  "123": 160,
  "124": 153,
  "125": 122,
  "126": 154,
  "127": 123,
  "128": 155,
  "129": 0,
  "130": 156,
  "131": 124,
  "132": 157,
  "133": 0,
  "134": 158,
  "135": 203,
  "136": 0,
  "137": 80,
  "138": 149,
  "139": 100,
  "140": 224,
  "141": 3,
  "142": 122,
  "143": 66,
  "144": 159,
  "145": 0,
  "146": 160,
  "147": 0,
  "148": 128,
  "149": 118,
  "150": 255,
  "151": 119,
  "152": 128,
  "153": 120,
  "154": 129,
  "155": 0,
  "156": 130,
  "157": 0,
  "158": 131,
  "159": 0,
  "160": 255,
  "161": 120,
  "162": 128,
  "163": 0,
  "164": 129,
  "165": 0,
  "166": 130,
  "167": 0,
  "168": 255,
  "169": 122,
  "170": 128,
  "171": 173,
  "172": 84,
  "173": 104,
  "174": 101,
  "175": 85,
  "176": 114,
  "177": 98,
  "178": 97,
  "179": 110,
  "180": 71,
  "181": 111,
  "182": 111,
  "183": 115,
  "184": 101,
  "185": 129,
  "186": 165,
  "187": 112,
  "188": 102,
  "189": 112,
  "190": 95,
  "191": 51,
  "192": 130,
  "193": 184,
  "194": 50,
  "195": 48,
  "196": 50,
  "197": 54,
  "198": 45,
  "199": 48,
  "200": 54,
  "201": 45,
  "202": 49,
  "203": 57,
  "204": 84,
  "205": 48,
  "206": 57,
  "207": 58,
  "208": 53,
  "209": 50,
  "210": 58,
  "211": 53,
  "212": 54,
  "213": 46,
  "214": 48,
  "215": 54,
  "216": 48,
  "217": 90,
  "218": 255,
  "219": 123,
  "220": 128,
  "221": 160,
  "222": 129,
  "223": 0
}

PoxelWinner24
{
  "0": 15,
  "1": 255,
  "2": 1,
  "3": 128,
  "4": 2,
  "5": 169,
  "6": 72,
  "7": 100,
  "8": 84,
  "9": 48,
  "10": 101,
  "11": 75,
  "12": 73,
  "13": 66,
  "14": 79,
  "15": 204,
  "16": 208,
  "17": 255,
  "18": 204,
  "19": 208,
  "20": 129,
  "21": 169,
  "22": 72,
  "23": 100,
  "24": 84,
  "25": 48,
  "26": 101,
  "27": 75,
  "28": 73,
  "29": 66,
  "30": 79,
  "31": 130,
  "32": 184,
  "33": 80,
  "34": 111,
  "35": 120,
  "36": 101,
  "37": 108,
  "38": 87,
  "39": 105,
  "40": 110,
  "41": 110,
  "42": 101,
  "43": 114,
  "44": 50,
  "45": 52,
  "46": 60,
  "47": 115,
  "48": 112,
  "49": 114,
  "50": 105,
  "51": 116,
  "52": 101,
  "53": 61,
  "54": 49,
  "55": 54,
  "56": 62,
  "57": 131,
  "58": 0,
  "59": 0,
  "60": 0,
  "61": 0,
  "62": 132,
  "63": 0,
  "64": 133,
  "65": 0,
  "66": 0,
  "67": 134,
  "68": 0,
  "69": 0,
  "70": 135,
  "71": 0,
  "72": 0,
  "73": 136,
  "74": 255,
  "75": 255,
  "76": 137,
  "77": 255,
  "78": 255,
  "79": 138,
  "80": 0,
  "81": 0,
  "82": 139,
  "83": 0,
  "84": 0,
  "85": 140,
  "86": 204,
  "87": 210,
  "88": 141,
  "89": 100,
  "90": 142,
  "91": 0,
  "92": 143,
  "93": 0,
  "94": 144,
  "95": 0,
  "96": 145,
  "97": 0,
  "98": 146,
  "99": 0,
  "100": 147,
  "101": 0,
  "102": 148,
  "103": 2,
  "104": 149,
  "105": 1,
  "106": 150,
  "107": 204,
  "108": 212,
  "109": 151,
  "110": 160,
  "111": 152,
  "112": 160,
  "113": 153,
  "114": 204,
  "115": 213,
  "116": 154,
  "117": 204,
  "118": 214,
  "119": 155,
  "120": 0,
  "121": 156,
  "122": 204,
  "123": 215,
  "124": 157,
  "125": 0,
  "126": 158,
  "127": 203,
  "128": 0,
  "129": 144,
  "130": 61,
  "131": 104,
  "132": 224,
  "133": 3,
  "134": 122,
  "135": 66,
  "136": 159,
  "137": 0,
  "138": 160,
  "139": 0,
  "140": 128,
  "141": 204,
  "142": 209,
  "143": 255,
  "144": 204,
  "145": 210,
  "146": 128,
  "147": 204,
  "148": 211,
  "149": 129,
  "150": 0,
  "151": 130,
  "152": 0,
  "153": 131,
  "154": 0,
  "155": 255,
  "156": 204,
  "157": 211,
  "158": 128,
  "159": 0,
  "160": 129,
  "161": 0,
  "162": 130,
  "163": 0,
  "164": 255,
  "165": 204,
  "166": 213,
  "167": 128,
  "168": 184,
  "169": 80,
  "170": 111,
  "171": 120,
  "172": 101,
  "173": 108,
  "174": 87,
  "175": 105,
  "176": 110,
  "177": 110,
  "178": 101,
  "179": 114,
  "180": 50,
  "181": 52,
  "182": 60,
  "183": 115,
  "184": 112,
  "185": 114,
  "186": 105,
  "187": 116,
  "188": 101,
  "189": 61,
  "190": 49,
  "191": 54,
  "192": 62,
  "193": 129,
  "194": 165,
  "195": 112,
  "196": 102,
  "197": 112,
  "198": 95,
  "199": 55,
  "200": 130,
  "201": 160,
  "202": 255,
  "203": 204,
  "204": 214,
  "205": 128,
  "206": 160,
  "207": 129,
  "208": 0
}

-------

{
  "0": 10,
  "1": 9,
  "2": 67,
  "3": 109,
  "4": 54,
  "5": 89,
  "6": 109,
  "7": 85,
  "8": 83,
  "9": 82,
  "10": 73,
  "11": 6,
  "12": 115,
  "13": 99,
  "14": 104,
  "15": 101,
  "16": 109,
  "17": 97,
  "18": 128,
  "19": 1,
  "20": 255,
  "21": 1,
  "22": 128,
  "23": 0,
  "24": 2,
  "25": 128,
  "26": 1,
  "27": 20,
  "28": 128,
  "29": 2,
  "30": 55,
  "31": 128,
  "32": 3,
  "33": 61,
  "34": 128,
  "35": 4,
  "36": 66,
  "37": 128,
  "38": 5,
  "39": 70,
  "40": 128,
  "41": 6,
  "42": 75,
  "43": 128,
  "44": 7,
  "45": 79,
  "46": 128,
  "47": 8,
  "48": 87,
  "49": 128,
  "50": 9,
  "51": 95,
  "52": 128,
  "53": 10,
  "54": 102,
  "55": 128,
  "56": 11,
  "57": 109,
  "58": 255,
  "59": 2,
  "60": 130,
  "61": 3,
  "62": 128,
  "63": 0,
  "64": 255,
  "65": 3,
  "66": 128,
  "67": 0,
  "68": 4,
  "69": 128,
  "70": 1,
  "71": 5,
  "72": 128,
  "73": 2,
  "74": 6,
  "75": 128,
  "76": 3,
  "77": 7,
  "78": 128,
  "79": 4,
  "80": 8,
  "81": 128,
  "82": 5,
  "83": 9,
  "84": 128,
  "85": 6,
  "86": 10,
  "87": 128,
  "88": 7,
  "89": 11,
  "90": 128,
  "91": 8,
  "92": 12,
  "93": 128,
  "94": 9,
  "95": 13,
  "96": 128,
  "97": 10,
  "98": 14,
  "99": 128,
  "100": 11,
  "101": 15,
  "102": 128,
  "103": 12,
  "104": 16,
  "105": 128,
  "106": 13,
  "107": 17,
  "108": 128,
  "109": 14,
  "110": 18,
  "111": 128,
  "112": 15,
  "113": 19,
  "114": 255,
  "115": 4,
  "116": 128,
  "117": 166,
  "118": 97,
  "119": 118,
  "120": 103,
  "121": 69,
  "122": 108,
  "123": 111,
  "124": 129,
  "125": 167,
  "126": 102,
  "127": 108,
  "128": 111,
  "129": 97,
  "130": 116,
  "131": 51,
  "132": 50,
  "133": 255,
  "134": 5,
  "135": 128,
  "136": 167,
  "137": 112,
  "138": 108,
  "139": 97,
  "140": 121,
  "141": 101,
  "142": 114,
  "143": 115,
  "144": 130,
  "145": 1,
  "146": 129,
  "147": 163,
  "148": 109,
  "149": 97,
  "150": 112,
  "151": 255,
  "152": 6,
  "153": 128,
  "154": 163,
  "155": 109,
  "156": 97,
  "157": 112,
  "158": 129,
  "159": 164,
  "160": 105,
  "161": 110,
  "162": 116,
  "163": 56,
  "164": 255,
  "165": 7,
  "166": 128,
  "167": 165,
  "168": 108,
  "169": 105,
  "170": 103,
  "171": 104,
  "172": 116,
  "173": 129,
  "174": 164,
  "175": 105,
  "176": 110,
  "177": 116,
  "178": 56,
  "179": 255,
  "180": 8,
  "181": 128,
  "182": 164,
  "183": 109,
  "184": 111,
  "185": 100,
  "186": 101,
  "187": 129,
  "188": 164,
  "189": 105,
  "190": 110,
  "191": 116,
  "192": 56,
  "193": 255,
  "194": 9,
  "195": 128,
  "196": 171,
  "197": 109,
  "198": 97,
  "199": 116,
  "200": 99,
  "201": 104,
  "202": 76,
  "203": 101,
  "204": 110,
  "205": 103,
  "206": 116,
  "207": 104,
  "208": 129,
  "209": 165,
  "210": 105,
  "211": 110,
  "212": 116,
  "213": 51,
  "214": 50,
  "215": 255,
  "216": 10,
  "217": 128,
  "218": 170,
  "219": 109,
  "220": 97,
  "221": 120,
  "222": 80,
  "223": 108,
  "224": 97,
  "225": 121,
  "226": 101,
  "227": 114,
  "228": 115,
  "229": 129,
  "230": 165,
  "231": 105,
  "232": 110,
  "233": 116,
  "234": 51,
  "235": 50,
  "236": 255,
  "237": 11,
  "238": 128,
  "239": 166,
  "240": 114,
  "241": 101,
  "242": 103,
  "243": 105,
  "244": 111,
  "245": 110,
  "246": 129,
  "247": 164,
  "248": 105,
  "249": 110,
  "250": 116,
  "251": 56,
  "252": 255,
  "253": 12,
  "254": 128,
  "255": 169,
  "256": 115,
  "257": 116,
  "258": 97,
  "259": 114,
  "260": 116,
  "261": 84,
  "262": 105,
  "263": 109,
  "264": 101,
  "265": 129,
  "266": 167,
  "267": 102,
  "268": 108,
  "269": 111,
  "270": 97,
  "271": 116,
  "272": 54,
  "273": 52,
  "274": 255,
  "275": 13,
  "276": 128,
  "277": 170,
  "278": 116,
  "279": 101,
  "280": 97,
  "281": 109,
  "282": 83,
  "283": 99,
  "284": 111,
  "285": 114,
  "286": 101,
  "287": 115,
  "288": 130,
  "289": 255,
  "290": 129,
  "291": 169,
  "292": 109,
  "293": 97,
  "294": 112,
  "295": 58,
  "296": 105,
  "297": 110,
  "298": 116,
  "299": 51,
  "300": 50,
  "301": 255,
  "302": 14,
  "303": 128,
  "304": 172,
  "305": 115,
  "306": 112,
  "307": 97,
  "308": 119,
  "309": 110,
  "310": 101,
  "311": 100,
  "312": 73,
  "313": 116,
  "314": 101,
  "315": 109,
  "316": 115,
  "317": 130,
  "318": 7,
  "319": 129,
  "320": 163,
  "321": 109,
  "322": 97,
  "323": 112,
  "324": 255,
  "325": 15,
  "326": 128,
  "327": 168,
  "328": 103,
  "329": 114,
  "330": 101,
  "331": 110,
  "332": 97,
  "333": 100,
  "334": 101,
  "335": 115,
  "336": 130,
  "337": 8,
  "338": 129,
  "339": 163,
  "340": 109,
  "341": 97,
  "342": 112,
  "343": 255,
  "344": 16,
  "345": 128,
  "346": 173,
  "347": 99,
  "348": 97,
  "349": 112,
  "350": 116,
  "351": 117,
  "352": 114,
  "353": 101,
  "354": 80,
  "355": 111,
  "356": 105,
  "357": 110,
  "358": 116,
  "359": 115,
  "360": 130,
  "361": 9,
  "362": 129,
  "363": 163,
  "364": 109,
  "365": 97,
  "366": 112,
  "367": 255,
  "368": 17,
  "369": 128,
  "370": 165,
  "371": 102,
  "372": 108,
  "373": 97,
  "374": 103,
  "375": 115,
  "376": 130,
  "377": 10,
  "378": 129,
  "379": 163,
  "380": 109,
  "381": 97,
  "382": 112,
  "383": 255,
  "384": 18,
  "385": 128,
  "386": 171,
  "387": 100,
  "388": 114,
  "389": 111,
  "390": 112,
  "391": 112,
  "392": 101,
  "393": 100,
  "394": 84,
  "395": 97,
  "396": 103,
  "397": 115,
  "398": 130,
  "399": 11,
  "400": 129,
  "401": 163,
  "402": 109,
  "403": 97,
  "404": 112,
  "405": 255,
  "406": 19,
  "407": 128,
  "408": 175,
  "409": 97,
  "410": 98,
  "411": 111,
  "412": 117,
  "413": 116,
  "414": 84,
  "415": 111,
  "416": 83,
  "417": 104,
  "418": 117,
  "419": 116,
  "420": 100,
  "421": 111,
  "422": 119,
  "423": 110,
  "424": 129,
  "425": 167,
  "426": 98,
  "427": 111,
  "428": 111,
  "429": 108,
  "430": 101,
  "431": 97,
  "432": 110,
  "433": 255,
  "434": 20,
  "435": 130,
  "436": 21,
  "437": 128,
  "438": 1,
  "439": 255,
  "440": 21,
  "441": 128,
  "442": 0,
  "443": 22,
  "444": 128,
  "445": 1,
  "446": 23,
  "447": 128,
  "448": 2,
  "449": 24,
  "450": 128,
  "451": 3,
  "452": 25,
  "453": 128,
  "454": 4,
  "455": 26,
  "456": 128,
  "457": 5,
  "458": 27,
  "459": 128,
  "460": 6,
  "461": 28,
  "462": 128,
  "463": 7,
  "464": 29,
  "465": 128,
  "466": 8,
  "467": 30,
  "468": 128,
  "469": 9,
  "470": 31,
  "471": 128,
  "472": 10,
  "473": 32,
  "474": 128,
  "475": 11,
  "476": 33,
  "477": 128,
  "478": 12,
  "479": 34,
  "480": 128,
  "481": 13,
  "482": 35,
  "483": 128,
  "484": 14,
  "485": 36,
  "486": 128,
  "487": 15,
  "488": 37,
  "489": 128,
  "490": 16,
  "491": 38,
  "492": 128,
  "493": 17,
  "494": 39,
  "495": 128,
  "496": 18,
  "497": 40,
  "498": 128,
  "499": 19,
  "500": 41,
  "501": 128,
  "502": 20,
  "503": 42,
  "504": 128,
  "505": 21,
  "506": 43,
  "507": 128,
  "508": 22,
  "509": 44,
  "510": 128,
  "511": 23,
  "512": 45,
  "513": 128,
  "514": 24,
  "515": 46,
  "516": 128,
  "517": 25,
  "518": 47,
  "519": 128,
  "520": 26,
  "521": 48,
  "522": 128,
  "523": 27,
  "524": 49,
  "525": 128,
  "526": 28,
  "527": 50,
  "528": 128,
  "529": 29,
  "530": 51,
  "531": 128,
  "532": 30,
  "533": 52,
  "534": 128,
  "535": 31,
  "536": 53,
  "537": 128,
  "538": 32,
  "539": 54,
  "540": 255,
  "541": 22,
  "542": 128,
  "543": 176,
  "544": 115,
  "545": 101,
  "546": 108,
  "547": 101,
  "548": 99,
  "549": 116,
  "550": 101,
  "551": 100,
  "552": 71,
  "553": 117,
  "554": 110,
  "555": 83,
  "556": 107,
  "557": 105,
  "558": 110,
  "559": 115,
  "560": 130,
  "561": 255,
  "562": 129,
  "563": 169,
  "564": 109,
  "565": 97,
  "566": 112,
  "567": 58,
  "568": 105,
  "569": 110,
  "570": 116,
  "571": 49,
  "572": 54,
  "573": 255,
  "574": 23,
  "575": 128,
  "576": 168,
  "577": 112,
  "578": 108,
  "579": 97,
  "580": 121,
  "581": 101,
  "582": 114,
  "583": 73,
  "584": 100,
  "585": 129,
  "586": 166,
  "587": 115,
  "588": 116,
  "589": 114,
  "590": 105,
  "591": 110,
  "592": 103,
  "593": 255,
  "594": 24,
  "595": 128,
  "596": 168,
  "597": 110,
  "598": 105,
  "599": 99,
  "600": 107,
  "601": 110,
  "602": 97,
  "603": 109,
  "604": 101,
  "605": 129,
  "606": 166,
  "607": 115,
  "608": 116,
  "609": 114,
  "610": 105,
  "611": 110,
  "612": 103,
  "613": 255,
  "614": 25,
  "615": 128,
  "616": 165,
  "617": 115,
  "618": 99,
  "619": 111,
  "620": 114,
  "621": 101,
  "622": 129,
  "623": 166,
  "624": 117,
  "625": 105,
  "626": 110,
  "627": 116,
  "628": 51,
  "629": 50,
  "630": 255,
  "631": 26,
  "632": 128,
  "633": 163,
  "634": 101,
  "635": 108,
  "636": 111,
  "637": 129,
  "638": 166,
  "639": 110,
  "640": 117,
  "641": 109,
  "642": 98,
  "643": 101,
  "644": 114,
  "645": 255,
  "646": 27,
  "647": 128,
  "648": 165,
  "649": 107,
  "650": 105,
  "651": 108,
  "652": 108,
  "653": 115,
  "654": 129,
  "655": 166,
  "656": 117,
  "657": 105,
  "658": 110,
  "659": 116,
  "660": 49,
  "661": 54,
  "662": 255,
  "663": 28,
  "664": 128,
  "665": 166,
  "666": 100,
  "667": 101,
  "668": 97,
  "669": 116,
  "670": 104,
  "671": 115,
  "672": 129,
  "673": 166,
  "674": 117,
  "675": 105,
  "676": 110,
  "677": 116,
  "678": 49,
  "679": 54,
  "680": 255,
  "681": 29,
  "682": 128,
  "683": 164,
  "684": 115,
  "685": 107,
  "686": 105,
  "687": 110,
  "688": 129,
  "689": 165,
  "690": 105,
  "691": 110,
  "692": 116,
  "693": 49,
  "694": 54,
  "695": 255,
  "696": 30,
  "697": 128,
  "698": 163,
  "699": 104,
  "700": 97,
  "701": 116,
  "702": 129,
  "703": 165,
  "704": 105,
  "705": 110,
  "706": 116,
  "707": 49,
  "708": 54,
  "709": 255,
  "710": 31,
  "711": 128,
  "712": 164,
  "713": 98,
  "714": 97,
  "715": 99,
  "716": 107,
  "717": 129,
  "718": 165,
  "719": 105,
  "720": 110,
  "721": 116,
  "722": 49,
  "723": 54,
  "724": 255,
  "725": 32,
  "726": 128,
  "727": 176,
  "728": 119,
  "729": 101,
  "730": 97,
  "731": 112,
  "732": 111,
  "733": 110,
  "734": 115,
  "735": 67,
  "736": 111,
  "737": 108,
  "738": 108,
  "739": 101,
  "740": 99,
  "741": 116,
  "742": 101,
  "743": 100,
  "744": 129,
  "745": 166,
  "746": 117,
  "747": 105,
  "748": 110,
  "749": 116,
  "750": 49,
  "751": 54,
  "752": 255,
  "753": 33,
  "754": 128,
  "755": 173,
  "756": 109,
  "757": 97,
  "758": 120,
  "759": 75,
  "760": 105,
  "761": 108,
  "762": 108,
  "763": 83,
  "764": 116,
  "765": 114,
  "766": 101,
  "767": 97,
  "768": 107,
  "769": 129,
  "770": 166,
  "771": 117,
  "772": 105,
  "773": 110,
  "774": 116,
  "775": 49,
  "776": 54,
  "777": 255,
  "778": 34,
  "779": 128,
  "780": 165,
  "781": 114,
  "782": 105,
  "783": 103,
  "784": 105,
  "785": 100,
  "786": 130,
  "787": 2,
  "788": 129,
  "789": 163,
  "790": 114,
  "791": 101,
  "792": 102,
  "793": 255,
  "794": 35,
  "795": 128,
  "796": 166,
  "797": 104,
  "798": 101,
  "799": 97,
  "800": 108,
  "801": 116,
  "802": 104,
  "803": 129,
  "804": 165,
  "805": 117,
  "806": 105,
  "807": 110,
  "808": 116,
  "809": 56,
  "810": 255,
  "811": 36,
  "812": 128,
  "813": 171,
  "814": 119,
  "815": 101,
  "816": 97,
  "817": 112,
  "818": 111,
  "819": 110,
  "820": 67,
  "821": 108,
  "822": 97,
  "823": 115,
  "824": 115,
  "825": 129,
  "826": 165,
  "827": 117,
  "828": 105,
  "829": 110,
  "830": 116,
  "831": 56,
  "832": 255,
  "833": 37,
  "834": 128,
  "835": 167,
  "836": 115,
  "837": 112,
  "838": 97,
  "839": 119,
  "840": 110,
  "841": 101,
  "842": 100,
  "843": 129,
  "844": 167,
  "845": 98,
  "846": 111,
  "847": 111,
  "848": 108,
  "849": 101,
  "850": 97,
  "851": 110,
  "852": 255,
  "853": 38,
  "854": 128,
  "855": 167,
  "856": 100,
  "857": 97,
  "858": 115,
  "859": 104,
  "860": 105,
  "861": 110,
  "862": 103,
  "863": 129,
  "864": 167,
  "865": 98,
  "866": 111,
  "867": 111,
  "868": 108,
  "869": 101,
  "870": 97,
  "871": 110,
  "872": 255,
  "873": 39,
  "874": 128,
  "875": 169,
  "876": 99,
  "877": 114,
  "878": 111,
  "879": 117,
  "880": 99,
  "881": 104,
  "882": 105,
  "883": 110,
  "884": 103,
  "885": 129,
  "886": 167,
  "887": 98,
  "888": 111,
  "889": 111,
  "890": 108,
  "891": 101,
  "892": 97,
  "893": 110,
  "894": 255,
  "895": 40,
  "896": 128,
  "897": 171,
  "898": 115,
  "899": 99,
  "900": 101,
  "901": 110,
  "902": 101,
  "903": 76,
  "904": 111,
  "905": 97,
  "906": 100,
  "907": 101,
  "908": 100,
  "909": 129,
  "910": 167,
  "911": 98,
  "912": 111,
  "913": 111,
  "914": 108,
  "915": 101,
  "916": 97,
  "917": 110,
  "918": 255,
  "919": 41,
  "920": 128,
  "921": 176,
  "922": 108,
  "923": 111,
  "924": 99,
  "925": 97,
  "926": 108,
  "927": 87,
  "928": 101,
  "929": 97,
  "930": 112,
  "931": 111,
  "932": 110,
  "933": 73,
  "934": 110,
  "935": 100,
  "936": 101,
  "937": 120,
  "938": 129,
  "939": 164,
  "940": 105,
  "941": 110,
  "942": 116,
  "943": 56,
  "944": 255,
  "945": 42,
  "946": 128,
  "947": 164,
  "948": 116,
  "949": 101,
  "950": 97,
  "951": 109,
  "952": 129,
  "953": 164,
  "954": 105,
  "955": 110,
  "956": 116,
  "957": 56,
  "958": 255,
  "959": 43,
  "960": 128,
  "961": 175,
  "962": 104,
  "963": 101,
  "964": 97,
  "965": 108,
  "966": 116,
  "967": 104,
  "968": 80,
  "969": 114,
  "970": 111,
  "971": 116,
  "972": 101,
  "973": 99,
  "974": 116,
  "975": 101,
  "976": 100,
  "977": 129,
  "978": 167,
  "979": 98,
  "980": 111,
  "981": 111,
  "982": 108,
  "983": 101,
  "984": 97,
  "985": 110,
  "986": 255,
  "987": 44,
  "988": 128,
  "989": 169,
  "990": 105,
  "991": 110,
  "992": 118,
  "993": 101,
  "994": 110,
  "995": 116,
  "996": 111,
  "997": 114,
  "998": 121,
  "999": 130,
  "1000": 4,
  "1001": 129,
  "1002": 165,
  "1003": 97,
  "1004": 114,
  "1005": 114,
  "1006": 97,
  "1007": 121,
  "1008": 255,
  "1009": 45,
  "1010": 128,
  "1011": 166,
  "1012": 117,
  "1013": 115,
  "1014": 101,
  "1015": 114,
  "1016": 73,
  "1017": 100,
  "1018": 129,
  "1019": 166,
  "1020": 115,
  "1021": 116,
  "1022": 114,
  "1023": 105,
  "1024": 110,
  "1025": 103,
  "1026": 255,
  "1027": 46,
  "1028": 128,
  "1029": 165,
  "1030": 112,
  "1031": 97,
  "1032": 114,
  "1033": 116,
  "1034": 121,
  "1035": 129,
  "1036": 166,
  "1037": 115,
  "1038": 116,
  "1039": 114,
  "1040": 105,
  "1041": 110,
  "1042": 103,
  "1043": 255,
  "1044": 47,
  "1045": 128,
  "1046": 164,
  "1047": 117,
  "1048": 115,
  "1049": 101,
  "1050": 114,
  "1051": 130,
  "1052": 5,
  "1053": 129,
  "1054": 163,
  "1055": 114,
  "1056": 101,
  "1057": 102,
  "1058": 255,
  "1059": 48,
  "1060": 128,
  "1061": 171,
  "1062": 108,
  "1063": 97,
  "1064": 115,
  "1065": 116,
  "1066": 71,
  "1067": 111,
  "1068": 116,
  "1069": 83,
  "1070": 104,
  "1071": 111,
  "1072": 116,
  "1073": 130,
  "1074": 6,
  "1075": 129,
  "1076": 163,
  "1077": 114,
  "1078": 101,
  "1079": 102,
  "1080": 255,
  "1081": 49,
  "1082": 128,
  "1083": 177,
  "1084": 99,
  "1085": 117,
  "1086": 114,
  "1087": 114,
  "1088": 101,
  "1089": 110,
  "1090": 116,
  "1091": 75,
  "1092": 105,
  "1093": 108,
  "1094": 108,
  "1095": 83,
  "1096": 116,
  "1097": 114,
  "1098": 101,
  "1099": 97,
  "1100": 107,
  "1101": 129,
  "1102": 166,
  "1103": 110,
  "1104": 117,
  "1105": 109,
  "1106": 98,
  "1107": 101,
  "1108": 114,
  "1109": 255,
  "1110": 50,
  "1111": 128,
  "1112": 175,
  "1113": 107,
  "1114": 105,
  "1115": 108,
  "1116": 108,
  "1117": 115,
  "1118": 87,
  "1119": 105,
  "1120": 116,
  "1121": 104,
  "1122": 87,
  "1123": 101,
  "1124": 97,
  "1125": 112,
  "1126": 111,
  "1127": 110,
  "1128": 130,
  "1129": 255,
  "1130": 129,
  "1131": 170,
  "1132": 109,
  "1133": 97,
  "1134": 112,
  "1135": 58,
  "1136": 110,
  "1137": 117,
  "1138": 109,
  "1139": 98,
  "1140": 101,
  "1141": 114,
  "1142": 255,
  "1143": 51,
  "1144": 128,
  "1145": 169,
  "1146": 104,
  "1147": 101,
  "1148": 97,
  "1149": 100,
  "1150": 115,
  "1151": 104,
  "1152": 111,
  "1153": 116,
  "1154": 115,
  "1155": 129,
  "1156": 166,
  "1157": 110,
  "1158": 117,
  "1159": 109,
  "1160": 98,
  "1161": 101,
  "1162": 114,
  "1163": 255,
  "1164": 52,
  "1165": 128,
  "1166": 173,
  "1167": 115,
  "1168": 116,
  "1169": 97,
  "1170": 114,
  "1171": 116,
  "1172": 80,
  "1173": 108,
  "1174": 97,
  "1175": 121,
  "1176": 84,
  "1177": 105,
  "1178": 109,
  "1179": 101,
  "1180": 129,
  "1181": 166,
  "1182": 110,
  "1183": 117,
  "1184": 109,
  "1185": 98,
  "1186": 101,
  "1187": 114,
  "1188": 255,
  "1189": 53,
  "1190": 128,
  "1191": 172,
  "1192": 108,
  "1193": 97,
  "1194": 115,
  "1195": 116,
  "1196": 83,
  "1197": 104,
  "1198": 111,
  "1199": 116,
  "1200": 84,
  "1201": 105,
  "1202": 109,
  "1203": 101,
  "1204": 129,
  "1205": 166,
  "1206": 110,
  "1207": 117,
  "1208": 109,
  "1209": 98,
  "1210": 101,
  "1211": 114,
  "1212": 255,
  "1213": 54,
  "1214": 128,
  "1215": 173,
  "1216": 108,
  "1217": 97,
  "1218": 115,
  "1219": 116,
  "1220": 83,
  "1221": 104,
  "1222": 111,
  "1223": 111,
  "1224": 116,
  "1225": 84,
  "1226": 105,
  "1227": 109,
  "1228": 101,
  "1229": 129,
  "1230": 166,
  "1231": 110,
  "1232": 117,
  "1233": 109,
  "1234": 98,
  "1235": 101,
  "1236": 114,
  "1237": 255,
  "1238": 55,
  "1239": 130,
  "1240": 56,
  "1241": 128,
  "1242": 2,
  "1243": 255,
  "1244": 56,
  "1245": 128,
  "1246": 0,
  "1247": 57,
  "1248": 128,
  "1249": 1,
  "1250": 58,
  "1251": 128,
  "1252": 2,
  "1253": 59,
  "1254": 128,
  "1255": 3,
  "1256": 60,
  "1257": 255,
  "1258": 57,
  "1259": 128,
  "1260": 168,
  "1261": 112,
  "1262": 111,
  "1263": 115,
  "1264": 105,
  "1265": 116,
  "1266": 105,
  "1267": 111,
  "1268": 110,
  "1269": 130,
  "1270": 3,
  "1271": 129,
  "1272": 163,
  "1273": 114,
  "1274": 101,
  "1275": 102,
  "1276": 255,
  "1277": 58,
  "1278": 128,
  "1279": 169,
  "1280": 114,
  "1281": 111,
  "1282": 116,
  "1283": 97,
  "1284": 116,
  "1285": 105,
  "1286": 111,
  "1287": 110,
  "1288": 89,
  "1289": 129,
  "1290": 166,
  "1291": 110,
  "1292": 117,
  "1293": 109,
  "1294": 98,
  "1295": 101,
  "1296": 114,
  "1297": 255,
  "1298": 59,
  "1299": 128,
  "1300": 163,
  "1301": 97,
  "1302": 105,
  "1303": 114,
  "1304": 129,
  "1305": 167,
  "1306": 98,
  "1307": 111,
  "1308": 111,
  "1309": 108,
  "1310": 101,
  "1311": 97,
  "1312": 110,
  "1313": 255,
  "1314": 60,
  "1315": 128,
  "1316": 164,
  "1317": 110,
  "1318": 101,
  "1319": 99,
  "1320": 107,
  "1321": 129,
  "1322": 164,
  "1323": 105,
  "1324": 110,
  "1325": 116,
  "1326": 56,
  "1327": 255,
  "1328": 61,
  "1329": 130,
  "1330": 62,
  "1331": 128,
  "1332": 3,
  "1333": 255,
  "1334": 62,
  "1335": 128,
  "1336": 0,
  "1337": 63,
  "1338": 128,
  "1339": 1,
  "1340": 64,
  "1341": 128,
  "1342": 2,
  "1343": 65,
  "1344": 255,
  "1345": 63,
  "1346": 128,
  "1347": 161,
  "1348": 120,
  "1349": 129,
  "1350": 166,
  "1351": 110,
  "1352": 117,
  "1353": 109,
  "1354": 98,
  "1355": 101,
  "1356": 114,
  "1357": 255,
  "1358": 64,
  "1359": 128,
  "1360": 161,
  "1361": 121,
  "1362": 129,
  "1363": 166,
  "1364": 110,
  "1365": 117,
  "1366": 109,
  "1367": 98,
  "1368": 101,
  "1369": 114,
  "1370": 255,
  "1371": 65,
  "1372": 128,
  "1373": 161,
  "1374": 122,
  "1375": 129,
  "1376": 166,
  "1377": 110,
  "1378": 117,
  "1379": 109,
  "1380": 98,
  "1381": 101,
  "1382": 114,
  "1383": 255,
  "1384": 66,
  "1385": 130,
  "1386": 67,
  "1387": 128,
  "1388": 4,
  "1389": 255,
  "1390": 67,
  "1391": 128,
  "1392": 0,
  "1393": 68,
  "1394": 128,
  "1395": 1,
  "1396": 69,
  "1397": 255,
  "1398": 68,
  "1399": 128,
  "1400": 168,
  "1401": 119,
  "1402": 101,
  "1403": 97,
  "1404": 112,
  "1405": 111,
  "1406": 110,
  "1407": 73,
  "1408": 100,
  "1409": 129,
  "1410": 165,
  "1411": 105,
  "1412": 110,
  "1413": 116,
  "1414": 49,
  "1415": 54,
  "1416": 255,
  "1417": 69,
  "1418": 128,
  "1419": 166,
  "1420": 115,
  "1421": 107,
  "1422": 105,
  "1423": 110,
  "1424": 73,
  "1425": 100,
  "1426": 129,
  "1427": 165,
  "1428": 105,
  "1429": 110,
  "1430": 116,
  "1431": 49,
  "1432": 54,
  "1433": 255,
  "1434": 70,
  "1435": 130,
  "1436": 71,
  "1437": 128,
  "1438": 5,
  "1439": 255,
  "1440": 71,
  "1441": 128,
  "1442": 0,
  "1443": 72,
  "1444": 128,
  "1445": 1,
  "1446": 73,
  "1447": 128,
  "1448": 2,
  "1449": 74,
  "1450": 255,
  "1451": 72,
  "1452": 128,
  "1453": 168,
  "1454": 117,
  "1455": 115,
  "1456": 101,
  "1457": 114,
  "1458": 110,
  "1459": 97,
  "1460": 109,
  "1461": 101,
  "1462": 129,
  "1463": 166,
  "1464": 115,
  "1465": 116,
  "1466": 114,
  "1467": 105,
  "1468": 110,
  "1469": 103,
  "1470": 255,
  "1471": 73,
  "1472": 128,
  "1473": 163,
  "1474": 112,
  "1475": 102,
  "1476": 112,
  "1477": 129,
  "1478": 166,
  "1479": 115,
  "1480": 116,
  "1481": 114,
  "1482": 105,
  "1483": 110,
  "1484": 103,
  "1485": 255,
  "1486": 74,
  "1487": 128,
  "1488": 169,
  "1489": 99,
  "1490": 114,
  "1491": 101,
  "1492": 97,
  "1493": 116,
  "1494": 101,
  "1495": 100,
  "1496": 65,
  "1497": 116,
  "1498": 129,
  "1499": 166,
  "1500": 115,
  "1501": 116,
  "1502": 114,
  "1503": 105,
  "1504": 110,
  "1505": 103,
  "1506": 255,
  "1507": 75,
  "1508": 130,
  "1509": 76,
  "1510": 128,
  "1511": 6,
  "1512": 255,
  "1513": 76,
  "1514": 128,
  "1515": 0,
  "1516": 77,
  "1517": 128,
  "1518": 1,
  "1519": 78,
  "1520": 255,
  "1521": 77,
  "1522": 128,
  "1523": 164,
  "1524": 98,
  "1525": 121,
  "1526": 73,
  "1527": 100,
  "1528": 129,
  "1529": 166,
  "1530": 115,
  "1531": 116,
  "1532": 114,
  "1533": 105,
  "1534": 110,
  "1535": 103,
  "1536": 255,
  "1537": 78,
  "1538": 128,
  "1539": 165,
  "1540": 103,
  "1541": 117,
  "1542": 110,
  "1543": 73,
  "1544": 100,
  "1545": 129,
  "1546": 164,
  "1547": 105,
  "1548": 110,
  "1549": 116,
  "1550": 56,
  "1551": 255,
  "1552": 79,
  "1553": 130,
  "1554": 80,
  "1555": 128,
  "1556": 7,
  "1557": 255,
  "1558": 80,
  "1559": 128,
  "1560": 0,
  "1561": 81,
  "1562": 128,
  "1563": 1,
  "1564": 82,
  "1565": 128,
  "1566": 2,
  "1567": 83,
  "1568": 128,
  "1569": 3,
  "1570": 84,
  "1571": 128,
  "1572": 4,
  "1573": 85,
  "1574": 128,
  "1575": 5,
  "1576": 86,
  "1577": 255,
  "1578": 81,
  "1579": 128,
  "1580": 161,
  "1581": 120,
  "1582": 129,
  "1583": 166,
  "1584": 110,
  "1585": 117,
  "1586": 109,
  "1587": 98,
  "1588": 101,
  "1589": 114,
  "1590": 255,
  "1591": 82,
  "1592": 128,
  "1593": 161,
  "1594": 121,
  "1595": 129,
  "1596": 166,
  "1597": 110,
  "1598": 117,
  "1599": 109,
  "1600": 98,
  "1601": 101,
  "1602": 114,
  "1603": 255,
  "1604": 83,
  "1605": 128,
  "1606": 161,
  "1607": 122,
  "1608": 129,
  "1609": 166,
  "1610": 110,
  "1611": 117,
  "1612": 109,
  "1613": 98,
  "1614": 101,
  "1615": 114,
  "1616": 255,
  "1617": 84,
  "1618": 128,
  "1619": 164,
  "1620": 116,
  "1621": 121,
  "1622": 112,
  "1623": 101,
  "1624": 129,
  "1625": 166,
  "1626": 115,
  "1627": 116,
  "1628": 114,
  "1629": 105,
  "1630": 110,
  "1631": 103,
  "1632": 255,
  "1633": 85,
  "1634": 128,
  "1635": 171,
  "1636": 114,
  "1637": 101,
  "1638": 119,
  "1639": 97,
  "1640": 114,
  "1641": 100,
  "1642": 80,
  "1643": 97,
  "1644": 114,
  "1645": 97,
  "1646": 109,
  "1647": 129,
  "1648": 164,
  "1649": 105,
  "1650": 110,
  "1651": 116,
  "1652": 56,
  "1653": 255,
  "1654": 86,
  "1655": 128,
  "1656": 162,
  "1657": 105,
  "1658": 100,
  "1659": 129,
  "1660": 166,
  "1661": 115,
  "1662": 116,
  "1663": 114,
  "1664": 105,
  "1665": 110,
  "1666": 103,
  "1667": 255,
  "1668": 87,
  "1669": 130,
  "1670": 88,
  "1671": 128,
  "1672": 8,
  "1673": 255,
  "1674": 88,
  "1675": 128,
  "1676": 0,
  "1677": 89,
  "1678": 128,
  "1679": 1,
  "1680": 90,
  "1681": 128,
  "1682": 2,
  "1683": 91,
  "1684": 128,
  "1685": 3,
  "1686": 92,
  "1687": 128,
  "1688": 4,
  "1689": 93,
  "1690": 128,
  "1691": 5,
  "1692": 94,
  "1693": 255,
  "1694": 89,
  "1695": 128,
  "1696": 168,
  "1697": 112,
  "1698": 111,
  "1699": 115,
  "1700": 105,
  "1701": 116,
  "1702": 105,
  "1703": 111,
  "1704": 110,
  "1705": 130,
  "1706": 3,
  "1707": 129,
  "1708": 163,
  "1709": 114,
  "1710": 101,
  "1711": 102,
  "1712": 255,
  "1713": 90,
  "1714": 128,
  "1715": 168,
  "1716": 114,
  "1717": 111,
  "1718": 116,
  "1719": 97,
  "1720": 116,
  "1721": 105,
  "1722": 111,
  "1723": 110,
  "1724": 130,
  "1725": 3,
  "1726": 129,
  "1727": 163,
  "1728": 114,
  "1729": 101,
  "1730": 102,
  "1731": 255,
  "1732": 91,
  "1733": 128,
  "1734": 169,
  "1735": 103,
  "1736": 114,
  "1737": 101,
  "1738": 110,
  "1739": 97,
  "1740": 100,
  "1741": 101,
  "1742": 73,
  "1743": 100,
  "1744": 129,
  "1745": 166,
  "1746": 115,
  "1747": 116,
  "1748": 114,
  "1749": 105,
  "1750": 110,
  "1751": 103,
  "1752": 255,
  "1753": 92,
  "1754": 128,
  "1755": 168,
  "1756": 119,
  "1757": 101,
  "1758": 97,
  "1759": 112,
  "1760": 111,
  "1761": 110,
  "1762": 73,
  "1763": 100,
  "1764": 129,
  "1765": 165,
  "1766": 105,
  "1767": 110,
  "1768": 116,
  "1769": 49,
  "1770": 54,
  "1771": 255,
  "1772": 93,
  "1773": 128,
  "1774": 174,
  "1775": 111,
  "1776": 119,
  "1777": 110,
  "1778": 101,
  "1779": 114,
  "1780": 83,
  "1781": 101,
  "1782": 115,
  "1783": 115,
  "1784": 105,
  "1785": 111,
  "1786": 110,
  "1787": 73,
  "1788": 100,
  "1789": 129,
  "1790": 166,
  "1791": 115,
  "1792": 116,
  "1793": 114,
  "1794": 105,
  "1795": 110,
  "1796": 103,
  "1797": 255,
  "1798": 94,
  "1799": 128,
  "1800": 175,
  "1801": 105,
  "1802": 110,
  "1803": 105,
  "1804": 116,
  "1805": 105,
  "1806": 97,
  "1807": 108,
  "1808": 86,
  "1809": 101,
  "1810": 108,
  "1811": 111,
  "1812": 99,
  "1813": 105,
  "1814": 116,
  "1815": 121,
  "1816": 130,
  "1817": 3,
  "1818": 129,
  "1819": 163,
  "1820": 114,
  "1821": 101,
  "1822": 102,
  "1823": 255,
  "1824": 95,
  "1825": 130,
  "1826": 96,
  "1827": 128,
  "1828": 9,
  "1829": 255,
  "1830": 96,
  "1831": 128,
  "1832": 0,
  "1833": 97,
  "1834": 128,
  "1835": 1,
  "1836": 98,
  "1837": 128,
  "1838": 2,
  "1839": 99,
  "1840": 128,
  "1841": 3,
  "1842": 100,
  "1843": 128,
  "1844": 4,
  "1845": 101,
  "1846": 255,
  "1847": 97,
  "1848": 128,
  "1849": 162,
  "1850": 105,
  "1851": 100,
  "1852": 129,
  "1853": 166,
  "1854": 115,
  "1855": 116,
  "1856": 114,
  "1857": 105,
  "1858": 110,
  "1859": 103,
  "1860": 255,
  "1861": 98,
  "1862": 128,
  "1863": 168,
  "1864": 112,
  "1865": 111,
  "1866": 115,
  "1867": 105,
  "1868": 116,
  "1869": 105,
  "1870": 111,
  "1871": 110,
  "1872": 130,
  "1873": 3,
  "1874": 129,
  "1875": 163,
  "1876": 114,
  "1877": 101,
  "1878": 102,
  "1879": 255,
  "1880": 99,
  "1881": 128,
  "1882": 175,
  "1883": 99,
  "1884": 111,
  "1885": 110,
  "1886": 116,
  "1887": 114,
  "1888": 111,
  "1889": 108,
  "1890": 108,
  "1891": 105,
  "1892": 110,
  "1893": 103,
  "1894": 84,
  "1895": 101,
  "1896": 97,
  "1897": 109,
  "1898": 129,
  "1899": 164,
  "1900": 105,
  "1901": 110,
  "1902": 116,
  "1903": 56,
  "1904": 255,
  "1905": 100,
  "1906": 128,
  "1907": 175,
  "1908": 99,
  "1909": 97,
  "1910": 112,
  "1911": 116,
  "1912": 117,
  "1913": 114,
  "1914": 101,
  "1915": 80,
  "1916": 114,
  "1917": 111,
  "1918": 103,
  "1919": 114,
  "1920": 101,
  "1921": 115,
  "1922": 115,
  "1923": 129,
  "1924": 167,
  "1925": 102,
  "1926": 108,
  "1927": 111,
  "1928": 97,
  "1929": 116,
  "1930": 51,
  "1931": 50,
  "1932": 255,
  "1933": 101,
  "1934": 128,
  "1935": 177,
  "1936": 112,
  "1937": 114,
  "1938": 111,
  "1939": 103,
  "1940": 114,
  "1941": 101,
  "1942": 115,
  "1943": 115,
  "1944": 80,
  "1945": 101,
  "1946": 114,
  "1947": 83,
  "1948": 101,
  "1949": 99,
  "1950": 111,
  "1951": 110,
  "1952": 100,
  "1953": 129,
  "1954": 167,
  "1955": 102,
  "1956": 108,
  "1957": 111,
  "1958": 97,
  "1959": 116,
  "1960": 51,
  "1961": 50,
  "1962": 255,
  "1963": 102,
  "1964": 130,
  "1965": 103,
  "1966": 128,
  "1967": 10,
  "1968": 255,
  "1969": 103,
  "1970": 128,
  "1971": 0,
  "1972": 104,
  "1973": 128,
  "1974": 1,
  "1975": 105,
  "1976": 128,
  "1977": 2,
  "1978": 106,
  "1979": 128,
  "1980": 3,
  "1981": 107,
  "1982": 128,
  "1983": 4,
  "1984": 108,
  "1985": 255,
  "1986": 104,
  "1987": 128,
  "1988": 166,
  "1989": 116,
  "1990": 101,
  "1991": 97,
  "1992": 109,
  "1993": 73,
  "1994": 100,
  "1995": 129,
  "1996": 164,
  "1997": 105,
  "1998": 110,
  "1999": 116,
  "2000": 56,
  "2001": 255,
  "2002": 105,
  "2003": 128,
  "2004": 168,
  "2005": 105,
  "2006": 115,
  "2007": 65,
  "2008": 116,
  "2009": 66,
  "2010": 97,
  "2011": 115,
  "2012": 101,
  "2013": 129,
  "2014": 167,
  "2015": 98,
  "2016": 111,
  "2017": 111,
  "2018": 108,
  "2019": 101,
  "2020": 97,
  "2021": 110,
  "2022": 255,
  "2023": 106,
  "2024": 128,
  "2025": 169,
  "2026": 99,
  "2027": 97,
  "2028": 114,
  "2029": 114,
  "2030": 105,
  "2031": 101,
  "2032": 100,
  "2033": 66,
  "2034": 121,
  "2035": 129,
  "2036": 166,
  "2037": 115,
  "2038": 116,
  "2039": 114,
  "2040": 105,
  "2041": 110,
  "2042": 103,
  "2043": 255,
  "2044": 107,
  "2045": 128,
  "2046": 168,
  "2047": 112,
  "2048": 111,
  "2049": 115,
  "2050": 105,
  "2051": 116,
  "2052": 105,
  "2053": 111,
  "2054": 110,
  "2055": 130,
  "2056": 3,
  "2057": 129,
  "2058": 163,
  "2059": 114,
  "2060": 101,
  "2061": 102,
  "2062": 255,
  "2063": 108,
  "2064": 128,
  "2065": 172,
  "2066": 98,
  "2067": 97,
  "2068": 115,
  "2069": 101,
  "2070": 80,
  "2071": 111,
  "2072": 115,
  "2073": 105,
  "2074": 116,
  "2075": 105,
  "2076": 111,
  "2077": 110,
  "2078": 130,
  "2079": 3,
  "2080": 129,
  "2081": 163,
  "2082": 114,
  "2083": 101,
  "2084": 102,
  "2085": 255,
  "2086": 109,
  "2087": 130,
  "2088": 110,
  "2089": 128,
  "2090": 11,
  "2091": 255,
  "2092": 110,
  "2093": 128,
  "2094": 0,
  "2095": 111,
  "2096": 128,
  "2097": 1,
  "2098": 112,
  "2099": 128,
  "2100": 2,
  "2101": 113,
  "2102": 128,
  "2103": 3,
  "2104": 114,
  "2105": 255,
  "2106": 111,
  "2107": 128,
  "2108": 162,
  "2109": 105,
  "2110": 100,
  "2111": 129,
  "2112": 166,
  "2113": 115,
  "2114": 116,
  "2115": 114,
  "2116": 105,
  "2117": 110,
  "2118": 103,
  "2119": 255,
  "2120": 112,
  "2121": 128,
  "2122": 168,
  "2123": 112,
  "2124": 111,
  "2125": 115,
  "2126": 105,
  "2127": 116,
  "2128": 105,
  "2129": 111,
  "2130": 110,
  "2131": 130,
  "2132": 3,
  "2133": 129,
  "2134": 163,
  "2135": 114,
  "2136": 101,
  "2137": 102,
  "2138": 255,
  "2139": 113,
  "2140": 128,
  "2141": 166,
  "2142": 116,
  "2143": 101,
  "2144": 97,
  "2145": 109,
  "2146": 73,
  "2147": 100,
  "2148": 129,
  "2149": 164,
  "2150": 105,
  "2151": 110,
  "2152": 116,
  "2153": 56,
  "2154": 255,
  "2155": 114,
  "2156": 128,
  "2157": 170,
  "2158": 101,
  "2159": 120,
  "2160": 112,
  "2161": 105,
  "2162": 114,
  "2163": 101,
  "2164": 84,
  "2165": 105,
  "2166": 109,
  "2167": 101,
  "2168": 129,
  "2169": 166,
  "2170": 110,
  "2171": 117,
  "2172": 109,
  "2173": 98,
  "2174": 101,
  "2175": 114
}

----

{
  "0": 14,
  "1": 143,
  "2": 0,
  "3": 128,
  "4": 0,
  "5": 0,
  "6": 0,
  "7": 0,
  "8": 129,
  "9": 1,
  "10": 130,
  "11": 6,
  "12": 131,
  "13": 2,
  "14": 132,
  "15": 6,
  "16": 133,
  "17": 8,
  "18": 7,
  "19": 0,
  "20": 0,
  "21": 134,
  "22": 6,
  "23": 0,
  "24": 0,
  "25": 0,
  "26": 135,
  "27": 3,
  "28": 136,
  "29": 166,
  "30": 155,
  "31": 196,
  "32": 78,
  "33": 104,
  "34": 243,
  "35": 147,
  "36": 65,
  "37": 137,
  "38": 2,
  "39": 138,
  "40": 3,
  "41": 139,
  "42": 4,
  "43": 140,
  "44": 5,
  "45": 141,
  "46": 6,
  "47": 142,
  "48": 7,
  "49": 255,
  "50": 1,
  "51": 128,
  "52": 1,
  "53": 169,
  "54": 57,
  "55": 99,
  "56": 121,
  "57": 109,
  "58": 86,
  "59": 66,
  "60": 108,
  "61": 98,
  "62": 97,
  "63": 117,
  "64": 128,
  "65": 2,
  "66": 169,
  "67": 72,
  "68": 100,
  "69": 84,
  "70": 48,
  "71": 101,
  "72": 75,
  "73": 73,
  "74": 66,
  "75": 79,
  "76": 204,
  "77": 208,
  "78": 128,
  "79": 3,
  "80": 169,
  "81": 90,
  "82": 66,
  "83": 115,
  "84": 73,
  "85": 116,
  "86": 65,
  "87": 84,
  "88": 79,
  "89": 80,
  "90": 205,
  "91": 29,
  "92": 3,
  "93": 255,
  "94": 2,
  "95": 128,
  "96": 0,
  "97": 161,
  "98": 48,
  "99": 0,
  "100": 0,
  "101": 0,
  "102": 0,
  "103": 128,
  "104": 1,
  "105": 161,
  "106": 49,
  "107": 0,
  "108": 0,
  "109": 0,
  "110": 0,
  "111": 128,
  "112": 2,
  "113": 161,
  "114": 50,
  "115": 0,
  "116": 0,
  "117": 0,
  "118": 0,
  "119": 255,
  "120": 3,
  "121": 128,
  "122": 0,
  "123": 169,
  "124": 110,
  "125": 102,
  "126": 114,
  "127": 106,
  "128": 107,
  "129": 54,
  "130": 115,
  "131": 57,
  "132": 120,
  "133": 14,
  "134": 128,
  "135": 1,
  "136": 169,
  "137": 121,
  "138": 119,
  "139": 105,
  "140": 122,
  "141": 111,
  "142": 117,
  "143": 50,
  "144": 48,
  "145": 53,
  "146": 15,
  "147": 128,
  "148": 2,
  "149": 169,
  "150": 107,
  "151": 114,
  "152": 105,
  "153": 108,
  "154": 114,
  "155": 100,
  "156": 117,
  "157": 108,
  "158": 98,
  "159": 16,
  "160": 128,
  "161": 3,
  "162": 169,
  "163": 49,
  "164": 120,
  "165": 118,
  "166": 120,
  "167": 50,
  "168": 111,
  "169": 51,
  "170": 49,
  "171": 120,
  "172": 17,
  "173": 255,
  "174": 5,
  "175": 128,
  "176": 0,
  "177": 161,
  "178": 65,
  "179": 8,
  "180": 128,
  "181": 1,
  "182": 161,
  "183": 66,
  "184": 10,
  "185": 128,
  "186": 2,
  "187": 161,
  "188": 67,
  "189": 12,
  "190": 255,
  "191": 8,
  "192": 128,
  "193": 161,
  "194": 65,
  "195": 129,
  "196": 9,
  "197": 130,
  "198": 255,
  "199": 131,
  "200": 0,
  "201": 0,
  "202": 0,
  "203": 0,
  "204": 132,
  "205": 0,
  "206": 0,
  "207": 32,
  "208": 65,
  "209": 255,
  "210": 9,
  "211": 128,
  "212": 202,
  "213": 102,
  "214": 102,
  "215": 254,
  "216": 65,
  "217": 129,
  "218": 202,
  "219": 154,
  "220": 153,
  "221": 169,
  "222": 192,
  "223": 130,
  "224": 202,
  "225": 102,
  "226": 102,
  "227": 166,
  "228": 192,
  "229": 255,
  "230": 10,
  "231": 128,
  "232": 161,
  "233": 66,
  "234": 129,
  "235": 11,
  "236": 130,
  "237": 255,
  "238": 131,
  "239": 0,
  "240": 0,
  "241": 0,
  "242": 0,
  "243": 132,
  "244": 0,
  "245": 0,
  "246": 32,
  "247": 65,
  "248": 255,
  "249": 11,
  "250": 128,
  "251": 202,
  "252": 102,
  "253": 102,
  "254": 214,
  "255": 193,
  "256": 129,
  "257": 202,
  "258": 154,
  "259": 153,
  "260": 169,
  "261": 192,
  "262": 130,
  "263": 202,
  "264": 154,
  "265": 153,
  "266": 17,
  "267": 66,
  "268": 255,
  "269": 12,
  "270": 128,
  "271": 161,
  "272": 67,
  "273": 129,
  "274": 13,
  "275": 130,
  "276": 255,
  "277": 131,
  "278": 0,
  "279": 0,
  "280": 160,
  "281": 65,
  "282": 132,
  "283": 0,
  "284": 0,
  "285": 32,
  "286": 65,
  "287": 255,
  "288": 13,
  "289": 128,
  "290": 202,
  "291": 51,
  "292": 51,
  "293": 61,
  "294": 66,
  "295": 129,
  "296": 202,
  "297": 102,
  "298": 102,
  "299": 182,
  "300": 192,
  "301": 130,
  "302": 202,
  "303": 205,
  "304": 204,
  "305": 48,
  "306": 66,
  "307": 255,
  "308": 14,
  "309": 131,
  "310": 163,
  "311": 103,
  "312": 117,
  "313": 110,
  "314": 128,
  "315": 202,
  "316": 154,
  "317": 153,
  "318": 51,
  "319": 66,
  "320": 129,
  "321": 202,
  "322": 51,
  "323": 51,
  "324": 163,
  "325": 192,
  "326": 130,
  "327": 202,
  "328": 51,
  "329": 51,
  "330": 51,
  "331": 64,
  "332": 132,
  "333": 27,
  "334": 133,
  "335": 169,
  "336": 110,
  "337": 102,
  "338": 114,
  "339": 106,
  "340": 107,
  "341": 54,
  "342": 115,
  "343": 57,
  "344": 120,
  "345": 255,
  "346": 15,
  "347": 131,
  "348": 163,
  "349": 103,
  "350": 117,
  "351": 110,
  "352": 128,
  "353": 202,
  "354": 0,
  "355": 0,
  "356": 172,
  "357": 65,
  "358": 129,
  "359": 202,
  "360": 154,
  "361": 153,
  "362": 169,
  "363": 192,
  "364": 130,
  "365": 208,
  "366": 217,
  "367": 132,
  "368": 15,
  "369": 133,
  "370": 169,
  "371": 121,
  "372": 119,
  "373": 105,
  "374": 122,
  "375": 111,
  "376": 117,
  "377": 50,
  "378": 48,
  "379": 53,
  "380": 255,
  "381": 16,
  "382": 131,
  "383": 163,
  "384": 103,
  "385": 117,
  "386": 110,
  "387": 128,
  "388": 202,
  "389": 154,
  "390": 153,
  "391": 177,
  "392": 193,
  "393": 129,
  "394": 202,
  "395": 154,
  "396": 153,
  "397": 169,
  "398": 192,
  "399": 130,
  "400": 21,
  "401": 132,
  "402": 31,
  "403": 133,
  "404": 169,
  "405": 107,
  "406": 114,
  "407": 105,
  "408": 108,
  "409": 114,
  "410": 100,
  "411": 117,
  "412": 108,
  "413": 98,
  "414": 255,
  "415": 17,
  "416": 131,
  "417": 163,
  "418": 103,
  "419": 117,
  "420": 110,
  "421": 128,
  "422": 234,
  "423": 129,
  "424": 202,
  "425": 154,
  "426": 153,
  "427": 169,
  "428": 192,
  "429": 130,
  "430": 202,
  "431": 102,
  "432": 102,
  "433": 102,
  "434": 193,
  "435": 132,
  "436": 34,
  "437": 133,
  "438": 169,
  "439": 49,
  "440": 120,
  "441": 118,
  "442": 120,
  "443": 50,
  "444": 111,
  "445": 51,
  "446": 49,
  "447": 120,
  "448": 255,
  "449": 117,
  "450": 129,
  "451": 169,
  "452": 57,
  "453": 99,
  "454": 121,
  "455": 109,
  "456": 86,
  "457": 66,
  "458": 108,
  "459": 98,
  "460": 97,
  "461": 130,
  "462": 173,
  "463": 84,
  "464": 104,
  "465": 101,
  "466": 85,
  "467": 114,
  "468": 98,
  "469": 97,
  "470": 110,
  "471": 71,
  "472": 111,
  "473": 111,
  "474": 115,
  "475": 101,
  "476": 131,
  "477": 0,
  "478": 0,
  "479": 0,
  "480": 0,
  "481": 132,
  "482": 205,
  "483": 54,
  "484": 4,
  "485": 133,
  "486": 0,
  "487": 0,
  "488": 134,
  "489": 0,
  "490": 0,
  "491": 135,
  "492": 53,
  "493": 0,
  "494": 136,
  "495": 49,
  "496": 1,
  "497": 137,
  "498": 41,
  "499": 0,
  "500": 138,
  "501": 0,
  "502": 0,
  "503": 139,
  "504": 0,
  "505": 0,
  "506": 140,
  "507": 204,
  "508": 206,
  "509": 141,
  "510": 100,
  "511": 142,
  "512": 0,
  "513": 143,
  "514": 1,
  "515": 144,
  "516": 0,
  "517": 145,
  "518": 0,
  "519": 146,
  "520": 1,
  "521": 147,
  "522": 0,
  "523": 148,
  "524": 0,
  "525": 149,
  "526": 0,
  "527": 150,
  "528": 125,
  "529": 151,
  "530": 184,
  "531": 54,
  "532": 97,
  "533": 51,
  "534": 53,
  "535": 49,
  "536": 49,
  "537": 55,
  "538": 56,
  "539": 55,
  "540": 55,
  "541": 102,
  "542": 97,
  "543": 99,
  "544": 97,
  "545": 51,
  "546": 102,
  "547": 56,
  "548": 56,
  "549": 100,
  "550": 49,
  "551": 52,
  "552": 51,
  "553": 101,
  "554": 100,
  "555": 152,
  "556": 160,
  "557": 153,
  "558": 122,
  "559": 154,
  "560": 123,
  "561": 155,
  "562": 0,
  "563": 156,
  "564": 124,
  "565": 157,
  "566": 0,
  "567": 158,
  "568": 203,
  "569": 0,
  "570": 80,
  "571": 149,
  "572": 100,
  "573": 224,
  "574": 3,
  "575": 122,
  "576": 66,
  "577": 159,
  "578": 0,
  "579": 160,
  "580": 0,
  "581": 128,
  "582": 118,
  "583": 255,
  "584": 122,
  "585": 128,
  "586": 173,
  "587": 84,
  "588": 104,
  "589": 101,
  "590": 85,
  "591": 114,
  "592": 98,
  "593": 97,
  "594": 110,
  "595": 71,
  "596": 111,
  "597": 111,
  "598": 115,
  "599": 101,
  "600": 129,
  "601": 165,
  "602": 112,
  "603": 102,
  "604": 112,
  "605": 95,
  "606": 51,
  "607": 130,
  "608": 184,
  "609": 50,
  "610": 48,
  "611": 50,
  "612": 54,
  "613": 45,
  "614": 48,
  "615": 54,
  "616": 45,
  "617": 49,
  "618": 57,
  "619": 84,
  "620": 48,
  "621": 57,
  "622": 58,
  "623": 53,
  "624": 50,
  "625": 58,
  "626": 53,
  "627": 54,
  "628": 46,
  "629": 48,
  "630": 54,
  "631": 48,
  "632": 90,
  "633": 255,
  "634": 123,
  "635": 128,
  "636": 160,
  "637": 129,
  "638": 0,
  "639": 255,
  "640": 125,
  "641": 128,
  "642": 0,
  "643": 126,
  "644": 128,
  "645": 1,
  "646": 127,
  "647": 128,
  "648": 2,
  "649": 204,
  "650": 128,
  "651": 128,
  "652": 3,
  "653": 204,
  "654": 129,
  "655": 255,
  "656": 126,
  "657": 128,
  "658": 3,
  "659": 0,
  "660": 129,
  "661": 225,
  "662": 0,
  "663": 255,
  "664": 127,
  "665": 128,
  "666": 16,
  "667": 0,
  "668": 129,
  "669": 255,
  "670": 255,
  "671": 255,
  "672": 204,
  "673": 128,
  "674": 128,
  "675": 5,
  "676": 0,
  "677": 129,
  "678": 121,
  "679": 2,
  "680": 255,
  "681": 204,
  "682": 129,
  "683": 128,
  "684": 14,
  "685": 0,
  "686": 129,
  "687": 183,
  "688": 1,
  "689": 255,
  "690": 204,
  "691": 206,
  "692": 128,
  "693": 204,
  "694": 207,
  "695": 129,
  "696": 205,
  "697": 54,
  "698": 1,
  "699": 130,
  "700": 0,
  "701": 131,
  "702": 248,
  "703": 255,
  "704": 204,
  "705": 207,
  "706": 128,
  "707": 202,
  "708": 190,
  "709": 22,
  "710": 86,
  "711": 66,
  "712": 129,
  "713": 202,
  "714": 168,
  "715": 33,
  "716": 181,
  "717": 192,
  "718": 130,
  "719": 202,
  "720": 223,
  "721": 232,
  "722": 25,
  "723": 194,
  "724": 255,
  "725": 204,
  "726": 208,
  "727": 129,
  "728": 169,
  "729": 72,
  "730": 100,
  "731": 84,
  "732": 48,
  "733": 101,
  "734": 75,
  "735": 73,
  "736": 66,
  "737": 79,
  "738": 130,
  "739": 184,
  "740": 80,
  "741": 111,
  "742": 120,
  "743": 101,
  "744": 108,
  "745": 87,
  "746": 105,
  "747": 110,
  "748": 110,
  "749": 101,
  "750": 114,
  "751": 50,
  "752": 52,
  "753": 60,
  "754": 115,
  "755": 112,
  "756": 114,
  "757": 105,
  "758": 116,
  "759": 101,
  "760": 61,
  "761": 49,
  "762": 54,
  "763": 62,
  "764": 131,
  "765": 0,
  "766": 0,
  "767": 0,
  "768": 0,
  "769": 132,
  "770": 0,
  "771": 133,
  "772": 0,
  "773": 0,
  "774": 134,
  "775": 0,
  "776": 0,
  "777": 135,
  "778": 0,
  "779": 0,
  "780": 136,
  "781": 255,
  "782": 255,
  "783": 137,
  "784": 255,
  "785": 255,
  "786": 138,
  "787": 0,
  "788": 0,
  "789": 139,
  "790": 0,
  "791": 0,
  "792": 140,
  "793": 205,
  "794": 27,
  "795": 3,
  "796": 141,
  "797": 100,
  "798": 142,
  "799": 0,
  "800": 143,
  "801": 1,
  "802": 144,
  "803": 0,
  "804": 145,
  "805": 0,
  "806": 146,
  "807": 1,
  "808": 147,
  "809": 2,
  "810": 148,
  "811": 2,
  "812": 149,
  "813": 0,
  "814": 150,
  "815": 204,
  "816": 216,
  "817": 151,
  "818": 160,
  "819": 152,
  "820": 160,
  "821": 153,
  "822": 204,
  "823": 213,
  "824": 154,
  "825": 204,
  "826": 214,
  "827": 155,
  "828": 0,
  "829": 156,
  "830": 204,
  "831": 215,
  "832": 157,
  "833": 0,
  "834": 158,
  "835": 203,
  "836": 0,
  "837": 144,
  "838": 61,
  "839": 104,
  "840": 224,
  "841": 3,
  "842": 122,
  "843": 66,
  "844": 159,
  "845": 0,
  "846": 160,
  "847": 203,
  "848": 0,
  "849": 240,
  "850": 132,
  "851": 112,
  "852": 224,
  "853": 3,
  "854": 122,
  "855": 66,
  "856": 128,
  "857": 204,
  "858": 209,
  "859": 255,
  "860": 204,
  "861": 213,
  "862": 128,
  "863": 184,
  "864": 80,
  "865": 111,
  "866": 120,
  "867": 101,
  "868": 108,
  "869": 87,
  "870": 105,
  "871": 110,
  "872": 110,
  "873": 101,
  "874": 114,
  "875": 50,
  "876": 52,
  "877": 60,
  "878": 115,
  "879": 112,
  "880": 114,
  "881": 105,
  "882": 116,
  "883": 101,
  "884": 61,
  "885": 49,
  "886": 54,
  "887": 62,
  "888": 129,
  "889": 165,
  "890": 112,
  "891": 102,
  "892": 112,
  "893": 95,
  "894": 55,
  "895": 130,
  "896": 160,
  "897": 255,
  "898": 204,
  "899": 214,
  "900": 128,
  "901": 160,
  "902": 129,
  "903": 0,
  "904": 255,
  "905": 204,
  "906": 216,
  "907": 128,
  "908": 0,
  "909": 204,
  "910": 217,
  "911": 128,
  "912": 1,
  "913": 204,
  "914": 218,
  "915": 128,
  "916": 2,
  "917": 204,
  "918": 219,
  "919": 128,
  "920": 3,
  "921": 204,
  "922": 220,
  "923": 255,
  "924": 204,
  "925": 217,
  "926": 128,
  "927": 3,
  "928": 0,
  "929": 129,
  "930": 255,
  "931": 255,
  "932": 255,
  "933": 204,
  "934": 218,
  "935": 128,
  "936": 13,
  "937": 0,
  "938": 129,
  "939": 255,
  "940": 255,
  "941": 255,
  "942": 204,
  "943": 219,
  "944": 128,
  "945": 5,
  "946": 0,
  "947": 129,
  "948": 255,
  "949": 255,
  "950": 255,
  "951": 204,
  "952": 220,
  "953": 128,
  "954": 14,
  "955": 0,
  "956": 129,
  "957": 255,
  "958": 255,
  "959": 255,
  "960": 205,
  "961": 27,
  "962": 3,
  "963": 128,
  "964": 205,
  "965": 28,
  "966": 3,
  "967": 129,
  "968": 202,
  "969": 178,
  "970": 220,
  "971": 48,
  "972": 67,
  "973": 130,
  "974": 0,
  "975": 131,
  "976": 235,
  "977": 255,
  "978": 205,
  "979": 28,
  "980": 3,
  "981": 128,
  "982": 202,
  "983": 0,
  "984": 100,
  "985": 66,
  "986": 66,
  "987": 129,
  "988": 202,
  "989": 170,
  "990": 33,
  "991": 181,
  "992": 192,
  "993": 130,
  "994": 202,
  "995": 186,
  "996": 236,
  "997": 28,
  "998": 66,
  "999": 255,
  "1000": 205,
  "1001": 29,
  "1002": 3,
  "1003": 129,
  "1004": 169,
  "1005": 90,
  "1006": 66,
  "1007": 115,
  "1008": 73,
  "1009": 116,
  "1010": 65,
  "1011": 84,
  "1012": 79,
  "1013": 80,
  "1014": 130,
  "1015": 183,
  "1016": 80,
  "1017": 111,
  "1018": 120,
  "1019": 101,
  "1020": 108,
  "1021": 71,
  "1022": 97,
  "1023": 109,
  "1024": 101,
  "1025": 114,
  "1026": 54,
  "1027": 54,
  "1028": 60,
  "1029": 115,
  "1030": 112,
  "1031": 114,
  "1032": 105,
  "1033": 116,
  "1034": 101,
  "1035": 61,
  "1036": 49,
  "1037": 54,
  "1038": 62,
  "1039": 131,
  "1040": 0,
  "1041": 0,
  "1042": 0,
  "1043": 0,
  "1044": 132,
  "1045": 0,
  "1046": 133,
  "1047": 0,
  "1048": 0,
  "1049": 134,
  "1050": 0,
  "1051": 0,
  "1052": 135,
  "1053": 114,
  "1054": 2,
  "1055": 136,
  "1056": 70,
  "1057": 2,
  "1058": 137,
  "1059": 248,
  "1060": 0,
  "1061": 138,
  "1062": 0,
  "1063": 0,
  "1064": 139,
  "1065": 0,
  "1066": 0,
  "1067": 140,
  "1068": 205,
  "1069": 31,
  "1070": 3,
  "1071": 141,
  "1072": 100,
  "1073": 142,
  "1074": 0,
  "1075": 143,
  "1076": 0,
  "1077": 144,
  "1078": 0,
  "1079": 145,
  "1080": 0,
  "1081": 146,
  "1082": 0,
  "1083": 147,
  "1084": 0,
  "1085": 148,
  "1086": 1,
  "1087": 149,
  "1088": 1,
  "1089": 150,
  "1090": 205,
  "1091": 33,
  "1092": 3,
  "1093": 151,
  "1094": 160,
  "1095": 152,
  "1096": 160,
  "1097": 153,
  "1098": 205,
  "1099": 34,
  "1100": 3,
  "1101": 154,
  "1102": 205,
  "1103": 35,
  "1104": 3,
  "1105": 155,
  "1106": 0,
  "1107": 156,
  "1108": 205,
  "1109": 36,
  "1110": 3,
  "1111": 157,
  "1112": 0,
  "1113": 158,
  "1114": 203,
  "1115": 0,
  "1116": 224,
  "1117": 138,
  "1118": 112,
  "1119": 224,
  "1120": 3,
  "1121": 122,
  "1122": 66,
  "1123": 159,
  "1124": 0,
  "1125": 160,
  "1126": 0,
  "1127": 128,
  "1128": 205,
  "1129": 30,
  "1130": 3,
  "1131": 255,
  "1132": 205,
  "1133": 31,
  "1134": 3,
  "1135": 128,
  "1136": 205,
  "1137": 32,
  "1138": 3,
  "1139": 129,
  "1140": 0,
  "1141": 130,
  "1142": 0,
  "1143": 131,
  "1144": 0,
  "1145": 255,
  "1146": 205,
  "1147": 32,
  "1148": 3,
  "1149": 128,
  "1150": 0,
  "1151": 129,
  "1152": 0,
  "1153": 130,
  "1154": 0,
  "1155": 255,
  "1156": 205,
  "1157": 34,
  "1158": 3,
  "1159": 128,
  "1160": 183,
  "1161": 80,
  "1162": 111,
  "1163": 120,
  "1164": 101,
  "1165": 108,
  "1166": 71,
  "1167": 97,
  "1168": 109,
  "1169": 101,
  "1170": 114,
  "1171": 54,
  "1172": 54,
  "1173": 60,
  "1174": 115,
  "1175": 112,
  "1176": 114,
  "1177": 105,
  "1178": 116,
  "1179": 101,
  "1180": 61,
  "1181": 49,
  "1182": 54,
  "1183": 62,
  "1184": 129,
  "1185": 165,
  "1186": 112,
  "1187": 102,
  "1188": 112,
  "1189": 95,
  "1190": 57,
  "1191": 130,
  "1192": 160,
  "1193": 255,
  "1194": 205,
  "1195": 35,
  "1196": 3,
  "1197": 128,
  "1198": 160,
  "1199": 129,
  "1200": 0
}

PoxelGame66